TH= 1e-06 Q2= 0.9999899967989757 MCC= 0.9921517761358617 TPR= 0.984375 PPV= 1.0 F1= 0.9921259842519685
TH= 1e-06 Q2= 0.9999899967989757 MCC= 0.9922729105443461 TPR= 1.0 PPV= 0.9846153846153847 F1= 0.9922480620155039
TH= 1e-06 Q2= 0.9999799935979513 MCC= 0.9842411324316638 TPR= 0.96875 PPV= 1.0 F1= 0.9841269841269841
TH= 1e-06 Q2= 0.9999899967989757 MCC= 0.9921517761358617 TPR= 0.984375 PPV= 1.0 F1= 0.9921259842519685
