TH= 1e-06 Q2= 0.9999899967989757 MCC= 0.9921517761358617 TPR= 0.984375 PPV= 1.0 F1= 0.9921259842519685
TH= 1e-06 Q2= 1.0 MCC= 1.0 TPR= 1.0 PPV= 1.0 F1= 1.0
TH= 1e-05 Q2= 0.9999899967989757 MCC= 0.9921517761358617 TPR= 0.984375 PPV= 1.0 F1= 0.9921259842519685
TH= 1e-05 Q2= 0.9999799935979513 MCC= 0.9843649903907752 TPR= 0.984375 PPV= 0.984375 F1= 0.984375
